12 10 20

1 哈尔滨 0.9
2 长沙 0.9
3 成都 0.9
4 合肥 0.9
5 北京 0.5
6 上海 0.5
7 天津 0.5
8 重庆 0.5
9 厦门 0.2
10 兰州 0.2
11 桂林 0.2
12 长春 0.2

1 2 2  
6-8 9 4
10-12 4 9

2 3 2
12-15 1 6
18-21 6 1

3 3 2
5-8 7 2
20-23 2 7

4 4 1
12-16 9 3

5 2 3
7-9 8 4
10-12 4 8
21-23 8 4

6 3 3
10-13 3 5
14-17 5 3
20-23 3 5

7 2 2
16-18 12 5
20-22 5 12

8 2 3
13-15 10 7
17-19 7 10
21-23 10 7

9 2 4
0-2 11 6
5-7 6 11
9-11 11 6
18-20 6 11

10 4 1
16-20 3 1

1
10 2
2-12 7 12
13-23 12 7

2
17 1
4-21 7 1

3
3 4
6-9 6 4
11-14 4 6
15-18 6 4
20-23 4 6

4
13 1
6-19 3 6

5
12 1
7-19 9 8

6
12 1
8-20 8 7

7
6 2
8-14 12 5
16-22 5 12

8
9 3
4-13 10 4
14-18 4 10
19-23 10 4

9
11 2
0-11 4 3
12-23 3 4

10
10 2
2-12 5 3
13-23 3 5

11
11 2
0-11 5 9
12-23 9 5

12
3 3
11-14 11 2
16-19 2 11
20-23 11 2

13
10 2
2-12 1 5
13-23 5 1

14
9 2
4-13 2 10
14-23 10 2

15
2 4
8-10 8 9
12-14 9 8
17-19 8 9
21-23 9 8

16
4 3
0-4 4 2
8-12 2 4
15-19 4 2

17
11 1
9-20 12 6

18
11 1
8-19 10 6

19
12 1
7-19 9 8

20
2 4
2-5 1 12
7-10 12 1
13-18 1 12
20-23 12 1

6	-1 -1 -1 12 -1 -1 -1 -1 -1 -1
-1 6	14 14	-1 -1 -1 11 12 -1	
-1 -1 13 -1 -1 -1 -1 14	 -1	
-1 11 -1 13 -1 13 -1 -1		
-1 11 4 15 -1 -1 -1				
-1 -1 -1 12 3 14					
-1 13 -1 6 -1						
-1 -1 -1 13							
-1 9 -1								
-1 14									
-1